HOSPITAL_CONTENT 93 276 55 16 12
HOSPITAL_CONTENT 86 296 56 7 9
HOSPITAL_CONTENT 79 307 54 15 11
HOSPITAL_CONTENT 93 190 69 35 13
HOSPITAL_CONTENT 90 230 69 31 13
HOSPITAL_CONTENT 96 266 70 31 10
HOSPITAL_CONTENT 93 301 71 28 9
HOSPITAL_CONTENT 92 334 71 37 12
HOSPITAL_CONTENT 85 375 68 31 12
HOSPITAL_CONTENT 95 272 85 37 10
DOCUMENT_CONTENT 80 143 145 52 14
DOCUMENT_CONTENT 94 200 146 30 13
DOCUMENT_CONTENT 96 234 146 30 13
DOCUMENT_CONTENT 93 268 149 29 13
DOCUMENT_CONTENT 90 301 146 27 13
DOCUMENT_CONTENT 93 332 149 24 13
DOCUMENT_CONTENT 92 360 146 36 13
DOCUMENT_CONTENT 93 401 149 19 10
DOCUMENT_CONTENT 53 425 148 33 14
None 94 77 186 7 10
None 96 90 186 34 13
None 96 130 186 26 13
None 97 161 186 12 11
None 95 178 186 20 11
None 96 203 184 19 13
None 94 227 184 19 16
None 94 252 187 8 12
None 92 286 190 7 10
None 97 298 190 9 7
None 96 312 187 23 12
None 96 340 190 30 10
None 94 375 187 24 10
None 97 404 187 33 13
None 74 442 187 28 10
None 94 475 187 26 10
None 77 507 187 21 10
None 95 75 218 25 13
None 96 106 218 16 11
None 96 127 219 19 10
None 97 151 219 26 10
None 97 182 219 27 13
None 95 214 219 23 12
None 96 243 219 19 10
None 96 268 219 20 13
None 96 293 219 10 10
None 96 308 216 23 17
None 92 336 223 10 6
None 92 351 219 23 13
None 93 380 216 24 16
None 93 409 219 17 13
None 93 431 216 19 14
None 97 456 219 12 13
None 96 474 219 26 14
None 94 506 216 22 17
None 95 75 251 19 10
None 96 100 251 35 13
None 97 141 248 16 13
None 96 163 251 36 13
None 96 205 248 30 16
None 96 241 251 21 14
None 96 269 251 28 13
None 96 303 252 22 12
None 97 332 251 24 13
None 93 361 252 27 10
None 93 395 258 4 1
None 96 405 252 29 13
None 93 440 249 27 13
None 86 473 252 31 13
None 91 511 252 13 10
None 81 75 280 33 16
None 96 112 283 5 10
None 96 122 283 16 10
None 96 142 283 20 10
None 96 166 283 34 13
None 96 204 283 20 10
None 96 229 284 23 12
None 92 256 283 36 13
None 95 75 315 9 10
None 96 89 315 29 10
None 96 123 315 26 13
None 96 154 315 20 10
None 96 179 316 23 10
None 95 204 308 24 28
None 96 235 316 13 10
None 96 252 316 27 12
None 96 283 316 24 12
None 96 311 319 26 10
None 32 337 308 24 28
None 95 367 316 26 12
None 94 398 316 13 10
None 91 415 316 11 10
None 90 430 316 42 10
None 96 476 316 19 9
None 96 500 316 28 12
None 93 75 347 23 13
None 93 102 345 34 15
None 96 140 348 13 10
None 96 157 347 26 11
None 96 187 348 28 12
None 96 219 348 29 10
None 95 256 345 30 16
None 95 290 348 23 10
None 87 318 348 27 13
None 95 74 380 10 10
None 92 88 379 31 14
None 96 123 379 9 13
None 95 136 380 17 13
None 96 157 380 24 10
None 89 185 383 17 10
None 84 206 380 28 12
None 74 74 412 6 9
None 93 89 412 29 10
None 96 123 409 23 13
None 96 151 413 11 11
None 91 168 415 9 7
None 94 182 409 23 16
None 97 211 415 10 7
None 96 225 412 24 12
None 94 254 409 19 16
None 93 278 412 16 12
None 93 299 412 13 13
None 96 316 412 23 10
None 97 344 412 22 12
None 95 372 412 28 13
None 88 404 409 19 13
None 96 428 412 26 12
None 96 459 412 24 12
None 96 488 412 14 10
None 86 507 412 21 10
None 94 74 444 32 13
None 96 111 444 29 12
None 93 75 476 5 10
None 96 88 476 35 13
None 96 127 476 27 12
None 96 158 476 26 10
None 96 188 473 27 16
None 96 219 479 11 7
None 96 234 476 23 13
None 78 262 476 18 13
None 96 285 476 12 13
None 96 306 478 28 11
None 96 338 476 25 13
None 96 368 476 13 13
None 96 386 476 26 10
None 95 416 476 13 10
None 93 433 473 23 13
None 93 460 473 24 13
None 94 489 476 11 12
None 54 136 521 45 13
None 91 184 520 37 11
None 70 225 522 29 12
None 37 276 532 4 3
None 92 375 519 46 13
None 38 425 522 38 9
None 0 381 572 99 24
None 47 133 643 45 11
None 93 182 642 15 11
None 95 201 641 25 11
None 93 230 640 29 12
None 84 354 634 24 9
None 92 382 634 13 9
None 96 399 634 15 9
None 96 418 634 35 12
None 92 457 633 27 10
